1549239941775802368
6719373130286501890
2377928100719632384
4683756947670827264
17149716383824740436
1801483904428015618
2017621519686471682
10880714567370473474
952933563194409090
1717560621448331776
11026782494312718336
7805301241946964032
9299088878611531776
5132414949087903760
5765171165082025992
9821787989977268740
3963247937022164992
17707179568594551040
15125763760318448480
18131783470962200576
12687397714824528128
14947588450654618624
4382305903886667784
1805154001549852812
14206465843977764864
5510437324170723361
10112200748370599940
746507655833583768
8108207834562822400
2793639526107185162
9941198974826713096
5917948240733554948
1082623132973400200
11963391022471323648
10931797464709074944
5043188294297325568
5427624812052744192
380273004300469248
4911376777214951952
11169242740976256068
10091481039081144320
13985095239837286432
5122371786679386178
14341998405348818976
9594395741674078224
631700285269999904
2478193662702649384
2565177996592939009
15639031911178470912
5552516587745591808
6962355154705252608
3173349163980065280
6052786222221754624
14520168269123944960
11554241339734754304
4136067267148448256
4981830584768790594
479810138899415554
13839227685231984777
9102645750872936449
14439103407119147114
17978651300051812353
14514128533611614212
5197774161205854278
14494281903288746496
13882468022151413768
6955856358181486592
253332029608821252
5198285237608316992
10823847577506095104
14741303690799218688
5513275975293222912
9560414714043302400
12946359445645164676
382780868823744530
12093950701051314304
13818170725994218498
3731378544042672194
1228462919156645904
2274657260298199040
2946603478070854146
885072097469793284
632762500504420865
17011224681884295424
15508708284085960968
9458264756063518728
12649907778215944192
5786036069581721601
2711211020882413568
4300137674478455808
599761689541870336
10388678715918844034
11319397441742086144
610477448563327766
9953106427537272832
7897364785405363201
2217182929186981890
5229224969011202049
1781456503136846976
17838230392804147460
9392546211632906272
2891753570041463041
9305036773019224064
4497140008017789970
6147314400577261600
1030202860253645184
2540057988073263104
2339068465794582532
16198242799220687872
5297170919393862144
2368343798541521920
6557867968202703104
829870757280350752
16863714380142807556
1558383876528152578
3813616365220659216
6928895643102740480
3800348280802574368
6052752722086854664
11931152264605073424
5046568169010249728
12624369348229729281
7136069668812705792
5287613412071745552
5839666664397474307
1183082252907774464
9697636346466599172
879600712299151616
